5.000000000000000278e-02 1.311627579770459079e+03
1.000000000000000056e-01 9.274607560469909231e+02
1.499999999999999944e-01 7.572685362570118741e+02
2.000000000000000111e-01 6.558137898852295393e+02
2.500000000000000000e-01 5.865776859060548531e+02
2.999999999999999889e-01 5.354697171665440010e+02
3.499999999999999778e-01 4.957486269723097507e+02
4.000000000000000222e-01 4.637303780234954615e+02
4.500000000000000111e-01 4.372091932568196739e+02
5.000000000000000000e-01 4.147730593968841504e+02
5.500000000000000444e-01 3.954705951618689710e+02
5.999999999999999778e-01 3.786342681285059371e+02
6.500000000000000222e-01 3.637800379365479557e+02
6.999999999999999556e-01 3.505472158960403704e+02
7.500000000000000000e-01 3.386607848584885687e+02
8.000000000000000444e-01 3.279068949426147697e+02
8.499999999999999778e-01 3.181164148745209559e+02
9.000000000000000222e-01 3.091535853489969554e+02
9.499999999999999556e-01 3.009080037779086183e+02
1.000000000000000000e+00 2.932888429530274266e+02
1.050000000000000044e+00 2.862206032328504079e+02
1.100000000000000089e+00 2.796399395988374295e+02
1.149999999999999911e+00 2.734932562569363768e+02
1.199999999999999956e+00 2.677348585832720005e+02
1.250000000000000000e+00 2.623255159540918271e+02
1.300000000000000044e+00 2.572313316852325897e+02
1.350000000000000089e+00 2.524228454190039486e+02
1.399999999999999911e+00 2.478743134861548754e+02
1.449999999999999956e+00 2.435631269878234662e+02
1.500000000000000000e+00 2.394693374953957061e+02
1.550000000000000044e+00 2.355752676113210953e+02
1.600000000000000089e+00 2.318651890117477308e+02
1.649999999999999911e+00 2.283250545732865646e+02
1.699999999999999956e+00 2.249422741645268502e+02
1.750000000000000000e+00 2.217055259324540657e+02
1.800000000000000044e+00 2.186045966284098370e+02
1.850000000000000089e+00 2.156302458360402170e+02
1.899999999999999911e+00 2.127740899846664604e+02
1.949999999999999956e+00 2.100285028284782811e+02
2.000000000000000000e+00 2.073865296984420752e+02
2.049999999999999822e+00 2.048418133296003418e+02
2.100000000000000089e+00 2.023885294612527446e+02
2.149999999999999911e+00 2.000213307238093989e+02
2.200000000000000178e+00 1.977352975809344855e+02
2.250000000000000000e+00 1.955258953020182844e+02
2.299999999999999822e+00 1.933889361080698848e+02
2.350000000000000089e+00 1.913205457716220224e+02
2.399999999999999911e+00 1.893171340642529685e+02
2.450000000000000178e+00 1.873753685386369909e+02
2.500000000000000000e+00 1.854921512093981733e+02
2.549999999999999822e+00 1.836645977614433605e+02
2.600000000000000089e+00 1.818900189682739779e+02
2.649999999999999911e+00 1.801659040479243572e+02
2.700000000000000178e+00 1.784899057221813337e+02
2.750000000000000000e+00 1.768598267768477115e+02
2.799999999999999822e+00 1.752736079480201852e+02
2.850000000000000089e+00 1.737293169824884842e+02
2.899999999999999911e+00 1.722251387400901592e+02
2.950000000000000178e+00 1.707593662227297671e+02
3.000000000000000000e+00 1.693303924292442844e+02
3.049999999999999822e+00 1.679367029477452036e+02
3.100000000000000089e+00 1.665768692078007973e+02
3.149999999999999911e+00 1.652495423241032597e+02
3.200000000000000178e+00 1.639534474713073848e+02
3.250000000000000000e+00 1.626873787367147486e+02
3.299999999999999822e+00 1.614501944035594931e+02
3.350000000000000089e+00 1.602408126229623804e+02
3.399999999999999911e+00 1.590582074372604779e+02
3.450000000000000178e+00 1.579014051214895176e+02
3.500000000000000000e+00 1.567694808133682329e+02
3.549999999999999822e+00 1.556615554052776247e+02
3.600000000000000089e+00 1.545767926744984777e+02
3.649999999999999911e+00 1.535143966304187870e+02
3.700000000000000178e+00 1.524736090595863232e+02
3.750000000000000000e+00 1.514537072514023919e+02
3.799999999999999822e+00 1.504540018889543092e+02
3.850000000000000089e+00 1.494738350910012628e+02
3.899999999999999911e+00 1.485125785924749664e+02
3.950000000000000178e+00 1.475696320520626728e+02
4.000000000000000000e+00 1.466444214765137133e+02
4.049999999999999822e+00 1.457363977522732341e+02
4.099999999999999645e+00 1.448450352759093107e+02
4.150000000000000355e+00 1.439698306755729789e+02
4.200000000000000178e+00 1.431103016164252040e+02
4.250000000000000000e+00 1.422659856835908272e+02
4.299999999999999822e+00 1.414364393367627599e+02
4.349999999999999645e+00 1.406212369310868837e+02
4.400000000000000355e+00 1.398199697994187147e+02
4.450000000000000178e+00 1.390322453914559446e+02
4.500000000000000000e+00 1.382576864656280407e+02
4.549999999999999822e+00 1.374959303299640681e+02
4.599999999999999645e+00 1.367466281284681884e+02
4.650000000000000355e+00 1.360094441698143441e+02
4.700000000000000178e+00 1.352840552954251621e+02
4.750000000000000000e+00 1.345701502842334492e+02
4.799999999999999822e+00 1.338674292916360002e+02
4.849999999999999645e+00 1.331756033203425602e+02
4.900000000000000355e+00 1.324943937209986871e+02
4.950000000000000178e+00 1.318235317206230093e+02
5.000000000000000000e+00 1.311627579770459135e+02
5.049999999999999822e+00 1.305118221576726114e+02
5.099999999999999645e+00 1.298704825410162016e+02
5.150000000000000355e+00 1.292385056395605432e+02
5.200000000000000178e+00 1.286156658426162949e+02
5.250000000000000000e+00 1.280017450779299111e+02
5.299999999999999822e+00 1.273965324908921701e+02
5.349999999999999645e+00 1.267998241402754616e+02
5.400000000000000355e+00 1.262114227095019743e+02
5.450000000000000178e+00 1.256311372325148170e+02
5.500000000000000000e+00 1.250587828333871556e+02
5.549999999999999822e+00 1.244941804788629867e+02
5.599999999999999645e+00 1.239371567430774377e+02
5.650000000000000355e+00 1.233875435837542227e+02
5.700000000000000178e+00 1.228451781292248484e+02
5.750000000000000000e+00 1.223099024756558890e+02
5.799999999999999822e+00 1.217815634939117331e+02
5.849999999999999645e+00 1.212600126455159995e+02
5.900000000000000355e+00 1.207451058072092991e+02
5.950000000000000178e+00 1.202367031036330047e+02
6.000000000000000000e+00 1.197346687476978531e+02
6.049999999999999822e+00 1.192388708882235591e+02
6.099999999999999645e+00 1.187491814644615005e+02
6.150000000000000355e+00 1.182654760671358218e+02
6.200000000000000178e+00 1.177876338056605476e+02
6.250000000000000000e+00 1.173155371812109706e+02
6.299999999999999822e+00 1.168490719653467949e+02
6.349999999999999645e+00 1.163881270839019777e+02
6.400000000000000355e+00 1.159325945058738654e+02
6.450000000000000178e+00 1.154823691370585124e+02
6.500000000000000000e+00 1.150373487181951333e+02
6.549999999999999822e+00 1.145974337273949288e+02
6.599999999999999645e+00 1.141625272866432823e+02
6.650000000000000355e+00 1.137325350721758070e+02
6.700000000000000178e+00 1.133073652285396378e+02
6.750000000000000000e+00 1.128869282861628562e+02
6.799999999999999822e+00 1.124711370822634251e+02
6.849999999999999645e+00 1.120599066849393495e+02
6.900000000000000355e+00 1.116531543202894738e+02
6.950000000000000178e+00 1.112507993024236299e+02
7.000000000000000000e+00 1.108527629662270328e+02
7.049999999999999822e+00 1.104589686027521083e+02
7.099999999999999645e+00 1.100693413971172703e+02
7.150000000000000355e+00 1.096838083687984522e+02
7.200000000000000178e+00 1.093022983142049185e+02
7.250000000000000000e+00 1.089247417514373808e+02
7.299999999999999822e+00 1.085510708671304201e+02
7.349999999999999645e+00 1.081812194652874126e+02
7.400000000000000355e+00 1.078151229180201085e+02
7.450000000000000178e+00 1.074527181181094164e+02
7.500000000000000000e+00 1.070939434333087945e+02
7.549999999999999822e+00 1.067387386623148018e+02
7.599999999999999645e+00 1.063870449923332302e+02
7.650000000000000355e+00 1.060388049581736567e+02
7.700000000000000178e+00 1.056939624028067186e+02
7.750000000000000000e+00 1.053524624393236877e+02
7.799999999999999822e+00 1.050142514142391406e+02
7.849999999999999645e+00 1.046792768720813172e+02
7.900000000000000355e+00 1.043474875212172037e+02
7.950000000000000178e+00 1.040188332008613941e+02
8.000000000000000000e+00 1.036932648492210376e+02
8.050000000000000711e+00 1.033707344727304900e+02
8.099999999999999645e+00 1.030511951163323232e+02
8.150000000000000355e+00 1.027346008347625030e+02
8.199999999999999289e+00 1.024209066648001709e+02
8.250000000000000000e+00 1.021100685984436183e+02
8.300000000000000711e+00 1.018020435569766846e+02
8.349999999999999645e+00 1.014967893658903080e+02
8.400000000000000355e+00 1.011942647306263723e+02
8.449999999999999289e+00 1.008944292131122467e+02
8.500000000000000000e+00 1.005972432090553639e+02
8.550000000000000711e+00 1.003026679259695584e+02
8.599999999999999645e+00 1.000106653619046995e+02
8.650000000000000355e+00 9.972119828485375592e+01
8.699999999999999289e+00 9.943423021281171259e+01
8.750000000000000000e+00 9.914972539446193878e+01
8.800000000000000711e+00 9.886764879046724275e+01
8.849999999999999645e+00 9.858796605534291757e+01
8.900000000000000355e+00 9.831064351989061834e+01
8.949999999999999289e+00 9.803564817417301924e+01
9.000000000000000000e+00 9.776294765100914219e+01
9.050000000000000711e+00 9.749251020997202488e+01
9.099999999999999645e+00 9.722430472187068062e+01
9.150000000000000355e+00 9.695830065369889894e+01
9.199999999999999289e+00 9.669446805403494238e+01
9.250000000000000000e+00 9.643277753887537074e+01
9.300000000000000711e+00 9.617320027788886705e+01
9.349999999999999645e+00 9.591570798107450457e+01
9.400000000000000355e+00 9.566027288581101118e+01
9.449999999999999289e+00 9.540686774428345984e+01
9.500000000000000000e+00 9.515546581127428283e+01
9.550000000000000711e+00 9.490604083230641663e+01
9.599999999999999645e+00 9.465856703212648426e+01
9.650000000000000355e+00 9.441301910351661775e+01
9.699999999999999289e+00 9.416937219642392165e+01
9.750000000000000000e+00 9.392760190739684845e+01
9.800000000000000711e+00 9.368768426931849547e+01
9.849999999999999645e+00 9.344959574142684744e+01
9.900000000000000355e+00 9.321331319961248596e+01
9.949999999999999289e+00 9.297881392698502623e+01
1.000000000000000000e+01 9.274607560469908663e+01
1.005000000000000071e+01 9.251507630303170515e+01
1.009999999999999964e+01 9.228579447270300307e+01
1.015000000000000036e+01 9.205820893643218028e+01
1.019999999999999929e+01 9.183229888072168023e+01
1.025000000000000000e+01 9.160804384786177934e+01
1.030000000000000071e+01 9.138542372814912085e+01
1.034999999999999964e+01 9.116441875231211611e+01
1.040000000000000036e+01 9.094500948413698893e+01
1.044999999999999929e+01 9.072717681328801120e+01
1.050000000000000000e+01 9.051090194831601821e+01
1.055000000000000071e+01 9.029616640984943388e+01
1.059999999999999964e+01 9.008295202396217860e+01
1.065000000000000036e+01 8.987124091571286044e+01
1.069999999999999929e+01 8.966101550285046073e+01
1.075000000000000000e+01 8.945225848968100024e+01
1.080000000000000071e+01 8.924495286109066683e+01
1.084999999999999964e+01 8.903908187672065822e+01
1.090000000000000036e+01 8.883462906528897918e+01
1.094999999999999929e+01 8.863157821905525680e+01
1.100000000000000000e+01 8.842991338842385574e+01
1.105000000000000071e+01 8.822961887668158454e+01
1.109999999999999964e+01 8.803067923486592861e+01
1.115000000000000036e+01 8.783307925675991612e+01
1.119999999999999929e+01 8.763680397401009259e+01
1.125000000000000000e+01 8.744183865136393763e+01
1.130000000000000071e+01 8.724816878202329917e+01
1.134999999999999964e+01 8.705578008311054816e+01
1.140000000000000036e+01 8.686465849124424210e+01
1.144999999999999929e+01 8.667479015822114263e+01
1.150000000000000000e+01 8.648616144680157447e+01
1.155000000000000071e+01 8.629875892659531189e+01
1.159999999999999964e+01 8.611256937004507961e+01
1.165000000000000036e+01 8.592757974850492531e+01
1.169999999999999929e+01 8.574377722841087746e+01
1.175000000000000000e+01 8.556114916754135891e+01
1.180000000000000071e+01 8.537968311136488353e+01
1.184999999999999964e+01 8.519936678947242115e+01
1.190000000000000036e+01 8.502018811209251226e+01
1.194999999999999929e+01 8.484213516668654620e+01
1.200000000000000000e+01 8.466519621462214218e+01
1.205000000000000071e+01 8.448935968792255835e+01
1.209999999999999964e+01 8.431461418609008263e+01
1.215000000000000036e+01 8.414094847300131619e+01
1.219999999999999929e+01 8.396835147387260179e+01
1.225000000000000000e+01 8.379681227229356466e+01
1.230000000000000071e+01 8.362632010732708920e+01
1.234999999999999964e+01 8.345686437067396923e+01
1.240000000000000036e+01 8.328843460390039866e+01
1.244999999999999929e+01 8.312102049572690987e+01
1.250000000000000000e+01 8.295461187937682723e+01
1.255000000000000071e+01 8.278919872998309870e+01
1.259999999999999964e+01 8.262477116205162986e+01
1.265000000000000036e+01 8.246131942697974182e+01
1.269999999999999929e+01 8.229883391062875830e+01
1.275000000000000000e+01 8.213730513094860441e+01
1.280000000000000071e+01 8.197672373565369242e+01
1.284999999999999964e+01 8.181708049994858811e+01
1.290000000000000036e+01 8.165836632430213626e+01
1.294999999999999929e+01 8.150057223226905023e+01
1.300000000000000000e+01 8.134368936835737429e+01
1.305000000000000071e+01 8.118770899594115065e+01
1.309999999999999964e+01 8.103262249521692695e+01
1.315000000000000036e+01 8.087842136120285375e+01
1.319999999999999929e+01 8.072509720177974657e+01
1.325000000000000000e+01 8.057264173577267741e+01
1.330000000000000071e+01 8.042104679107235654e+01
1.334999999999999964e+01 8.027030430279519635e+01
1.340000000000000036e+01 8.012040631148119019e+01
1.344999999999999929e+01 7.997134496132872528e+01
1.350000000000000000e+01 7.982311249846523538e+01
1.355000000000000071e+01 7.967570126925319585e+01
1.359999999999999964e+01 7.952910371863023897e+01
1.365000000000000036e+01 7.938331238848277849e+01
1.369999999999999929e+01 7.923831991605234748e+01
1.375000000000000000e+01 7.909411903237381125e+01
1.380000000000000071e+01 7.895070256074475878e+01
1.384999999999999964e+01 7.880806341522526282e+01
1.390000000000000036e+01 7.866619459916738322e+01
1.394999999999999929e+01 7.852508920377368895e+01
1.400000000000000000e+01 7.838474040668411646e+01
1.405000000000000071e+01 7.824514147059042557e+01
1.409999999999999964e+01 7.810628574187795437e+01
1.415000000000000036e+01 7.796816664929339424e+01
1.419999999999999929e+01 7.783077770263881234e+01
1.425000000000000000e+01 7.769411249149058563e+01
1.430000000000000071e+01 7.755816468394317553e+01
1.434999999999999964e+01 7.742292802537689056e+01
1.440000000000000036e+01 7.728839633724923885e+01
1.444999999999999929e+01 7.715456351590935924e+01
1.450000000000000000e+01 7.702142353143482012e+01
1.455000000000000071e+01 7.688897042649060154e+01
1.459999999999999964e+01 7.675719831520939351e+01
1.465000000000000036e+01 7.662610138209311117e+01
1.469999999999999929e+01 7.649567388093485931e+01
1.475000000000000000e+01 7.636591013376104797e+01
1.480000000000000071e+01 7.623680452979316158e+01
1.484999999999999964e+01 7.610835152442886908e+01
1.490000000000000036e+01 7.598054563824175034e+01
1.494999999999999929e+01 7.585338145599973814e+01
1.500000000000000000e+01 7.572685362570119594e+01
1.505000000000000071e+01 7.560095685762895812e+01
1.509999999999999964e+01 7.547568592342150851e+01
1.515000000000000036e+01 7.535103565516084245e+01
1.519999999999999929e+01 7.522700094447715458e+01
1.525000000000000000e+01 7.510357674166951369e+01
1.530000000000000071e+01 7.498075805484229761e+01
1.534999999999999964e+01 7.485853994905724562e+01
1.540000000000000036e+01 7.473691754550063138e+01
1.544999999999999929e+01 7.461588602066524345e+01
1.550000000000000000e+01 7.449544060554681835e+01
1.555000000000000071e+01 7.437557658485492595e+01
1.559999999999999964e+01 7.425628929623748320e+01
1.565000000000000036e+01 7.413757412951910908e+01
1.569999999999999929e+01 7.401942652595283789e+01
1.575000000000000000e+01 7.390184197748467909e+01
1.580000000000000071e+01 7.378481602603133638e+01
1.584999999999999964e+01 7.366834426277014813e+01
1.590000000000000036e+01 7.355242232744150499e+01
1.594999999999999929e+01 7.343704590766324714e+01
1.600000000000000000e+01 7.332221073825685664e+01
1.605000000000000071e+01 7.320791260058523164e+01
1.610000000000000142e+01 7.309414732190172970e+01
1.614999999999999858e+01 7.298091077471032406e+01
1.619999999999999929e+01 7.286819887613661706e+01
1.625000000000000000e+01 7.275600758730961104e+01
1.630000000000000071e+01 7.264433291275371118e+01
1.635000000000000142e+01 7.253317089979124432e+01
1.639999999999999858e+01 7.242251763795465536e+01
1.644999999999999929e+01 7.231236925840886443e+01
1.650000000000000000e+01 7.220272193338301747e+01
1.655000000000000071e+01 7.209357187561192859e+01
1.660000000000000142e+01 7.198491533778648943e+01
1.664999999999999858e+01 7.187674861201340093e+01
1.669999999999999929e+01 7.176906802928370155e+01
1.675000000000000000e+01 7.166186995895006362e+01
1.680000000000000071e+01 7.155515080821260199e+01
1.685000000000000142e+01 7.144890702161315232e+01
1.689999999999999858e+01 7.134313508053777753e+01
1.694999999999999929e+01 7.123783150272717535e+01
1.700000000000000000e+01 7.113299284179541360e+01
